1.005701494216918901e+00
9.999658823013305442e-01
9.984402418136596458e-01
9.964954614639282005e-01
9.931619644165039507e-01
9.877747535705566628e-01
9.789493560791016069e-01
9.654055833816528320e-01
9.450908660888671653e-01
9.205441236495971458e-01
8.899554967880248801e-01
8.634596586227416548e-01
8.330648660659789595e-01
7.961768865585326926e-01
7.679877519607544167e-01
7.282004356384277344e-01
6.957105517387389693e-01
6.868978500366210715e-01
6.497198700904845969e-01
6.137232542037963645e-01
5.814579725265502930e-01
5.780011057853698953e-01
5.507561802864074929e-01
5.682336807250976118e-01
5.433061718940734863e-01
5.098230600357055442e-01
4.912043571472167747e-01
4.707067251205444558e-01
4.343721628189086692e-01
4.065153241157531960e-01
3.864307522773742787e-01
3.811238765716552512e-01
3.608766198158264160e-01
3.585521757602691539e-01
3.476402401924133523e-01
3.410979032516479603e-01
3.407158434391021617e-01
3.278302907943725364e-01
3.153860449790954479e-01
3.273695826530456654e-01
3.153675019741058461e-01
3.153242766857147217e-01
3.105323672294616477e-01
3.113287687301635742e-01
3.070352852344512828e-01
2.858938336372375266e-01
2.705959796905517689e-01
2.819740533828735130e-01
2.642379224300384633e-01
2.631124615669250266e-01
2.458491683006286677e-01
2.394718825817108154e-01
2.201108455657959095e-01
2.065672039985656794e-01
1.987550646066665594e-01
1.918949395418167170e-01
1.882257014513015747e-01
1.895868390798568781e-01
1.906911611557006725e-01
1.939786583185195978e-01
2.098519325256347767e-01
1.992739021778106578e-01
1.927565574645996038e-01
1.912661164999008290e-01
1.934582233428955023e-01
2.092384845018386841e-01
1.928311944007873591e-01
1.833587318658828624e-01
1.844188094139099232e-01
1.857382863759994562e-01
1.830675989389419500e-01
1.784628599882125966e-01
1.684682816267013550e-01
1.724749207496643066e-01
1.645912379026412964e-01
1.618907034397125133e-01
1.583665251731872503e-01
1.642794102430343572e-01
1.649704992771148793e-01
1.617596715688705555e-01
1.623257219791412465e-01
1.623758345842361561e-01
1.592607110738754328e-01
1.685869097709655762e-01
1.687211930751800482e-01
1.668147087097167913e-01
1.692150503396988026e-01
1.679111599922180065e-01
1.718238115310669056e-01
1.789499759674072210e-01
1.888860255479812567e-01
1.882210016250610296e-01
1.935376495122909657e-01
1.934105008840560913e-01
1.929058343172073420e-01
1.811475783586501964e-01
1.715390205383300892e-01
1.692690372467041127e-01
1.670780777931213379e-01
1.622196942567825373e-01
1.587359726428985707e-01
1.433742076158523449e-01
1.345806628465652521e-01
1.322584390640258734e-01
1.298937231302261242e-01
1.290824741125106701e-01
1.254829525947570856e-01
1.246367692947387695e-01
1.286031574010849110e-01
1.248757541179656982e-01
1.241079032421112116e-01
1.199782282114028875e-01
1.189056962728500394e-01
1.187207221984863253e-01
1.156448155641555814e-01
1.158723741769790705e-01
1.145661890506744357e-01
1.129531770944595392e-01
1.144365221261978149e-01
1.149057149887084961e-01
1.169195711612701361e-01
1.192755013704299982e-01
1.178116410970687922e-01
1.134774416685104398e-01
1.130861580371856634e-01
1.140172451734542819e-01
1.125837534666061374e-01
1.107971280813217219e-01
1.105208367109298678e-01
1.124498814344406100e-01
1.137518495321273859e-01
1.137753129005432129e-01
1.125996559858322144e-01
1.115553289651870783e-01
1.120080292224883978e-01
1.093610852956771878e-01
1.142108440399169922e-01
1.118789643049240140e-01
1.103445976972579901e-01
1.121536314487457248e-01
1.088184714317321777e-01
1.133694022893905612e-01
1.135795682668685885e-01
1.152687162160873358e-01
1.186698794364929171e-01
1.189132362604141263e-01
1.139339983463287381e-01
1.154730439186096164e-01
1.169949471950531006e-01
1.165399134159088163e-01
1.128237664699554416e-01
1.059213042259216364e-01
1.054629266262054471e-01
1.068749696016311618e-01
1.016425371170043973e-01
9.962799847126006803e-02
9.891635030508041937e-02
9.902055263519286832e-02
1.017155468463897677e-01
9.717969000339507502e-02
9.741225540637969693e-02
1.010603606700897217e-01
9.582620561122894010e-02
9.771593511104584295e-02
9.991937428712845126e-02
9.685315042734146673e-02
9.682524949312210083e-02
9.893504232168197354e-02
9.540208131074905118e-02
9.570220410823822299e-02
9.727610051631926935e-02
9.468405097723006647e-02
9.287035763263702670e-02
9.450538009405136386e-02
9.267666190862655640e-02
9.680808335542678833e-02
9.563207775354384821e-02
9.842226058244704645e-02
9.391121566295623779e-02
9.438567906618118564e-02
9.241594374179840088e-02
9.089733511209488470e-02
9.388640671968459528e-02
9.622861444950103760e-02
9.197834581136703214e-02
9.213073998689651212e-02
9.053694009780884067e-02
9.394561350345612127e-02
9.208749979734420776e-02
9.180651456117630560e-02
9.033353030681609552e-02
9.280192553997039517e-02
9.287127703428268988e-02
8.962050378322601596e-02
8.852766901254653653e-02
8.814780712127685824e-02
9.011160731315612238e-02
8.738010972738266546e-02
8.737670779228209894e-02
8.886378556489944736e-02
8.769643753767013272e-02
8.932985663414001742e-02
8.562879711389541348e-02
8.665231913328171054e-02
8.577643781900405606e-02
8.652126491069793424e-02
8.536885231733322421e-02
8.935255855321884433e-02
8.821487873792648038e-02
8.614244908094406683e-02
8.881597369909285944e-02
8.549391627311705988e-02
8.518886864185333530e-02
8.383949548006057462e-02
8.417060524225235263e-02
8.314707130193710327e-02
8.383460938930512030e-02
8.389159142971039373e-02
8.361392319202423651e-02
8.493717461824416837e-02
8.276283293962478915e-02
8.245576024055481512e-02
8.681961447000503818e-02
8.345322906970978338e-02
8.291560709476471225e-02
8.415987342596054077e-02
8.232864290475845614e-02
8.335476070642471036e-02
8.222552239894867498e-02
8.215512186288834173e-02
8.258131593465804776e-02
8.306015580892563144e-02
8.322466015815735418e-02
8.156439363956451138e-02
8.235467672348022183e-02
8.318247497081757147e-02
8.262995928525924960e-02
8.610799312591552179e-02
8.246913999319076261e-02
8.479537814855575562e-02
8.152001500129699152e-02
8.185597956180572232e-02
8.101139962673187256e-02
8.118204325437546054e-02
8.283770680427551825e-02
8.037052899599075872e-02
8.025665432214737494e-02
8.169234842061996738e-02
8.775142282247543057e-02
8.222578316926956732e-02
8.137530088424682617e-02
8.150755017995833795e-02
8.338904231786728460e-02
8.531612902879714966e-02
8.094436824321746271e-02
8.079855740070343573e-02
7.982742488384246549e-02
7.949583530426025668e-02
8.052616864442825595e-02
8.149590939283371527e-02
7.897213697433472235e-02
7.914071530103683472e-02
7.870611846446991244e-02
7.892813533544540405e-02
7.986499369144439697e-02
7.894116342067718228e-02
7.810052186250686368e-02
7.807050347328185758e-02
7.954537719488144476e-02
7.906132489442825595e-02
8.344953358173370916e-02
8.412754982709884366e-02
7.908708304166793546e-02
7.932865768671035211e-02
7.847248166799544733e-02
8.113640695810317438e-02
8.014005273580551703e-02
8.025483340024948398e-02
7.801071852445602695e-02
8.509779721498489380e-02
7.821331620216369351e-02
8.185722082853316706e-02
7.927420288324356357e-02
7.793908119201660434e-02
7.862155586481094083e-02
7.962078154087066928e-02
7.821378707885742743e-02
7.878000885248184759e-02
7.853860855102538785e-02
7.977764010429382047e-02
7.705732733011246005e-02
7.864279001951217374e-02
7.985361069440841120e-02
8.185090273618697565e-02
7.731232792139053345e-02
7.969136685132979792e-02
7.691332697868347168e-02
8.117115348577499945e-02
7.863843888044357022e-02
7.779288738965987882e-02
